                            OLS Regression Results                            
==============================================================================
Dep. Variable:                  valor   R-squared:                       0.640
Model:                            OLS   Adj. R-squared:                  0.618
Method:                 Least Squares   F-statistic:                     29.08
Date:                Sat, 15 Nov 2025   Prob (F-statistic):               0.00
Time:                        17:40:27   Log-Likelihood:                -58106.
No. Observations:                3797   AIC:                         1.167e+05
Df Residuals:                    3577   BIC:                         1.180e+05
Df Model:                         219                                         
Covariance Type:            nonrobust                                         
=====================================================================================================
                                        coef    std err          t      P>|t|      [0.025      0.975]
-----------------------------------------------------------------------------------------------------
Intercept                          8.932e+08   3.02e+08      2.961      0.003    3.02e+08    1.48e+09
aceita_pets                       -1.614e+05   5.74e+04     -2.813      0.005   -2.74e+05   -4.89e+04
aquecimento_solar                  1.251e+05   6.53e+04      1.915      0.056   -2982.573    2.53e+05
ar_condicionado                    1.467e+05   4.56e+04      3.217      0.001    5.73e+04    2.36e+05
area_lazer                        -1114.8602   6.65e+04     -0.017      0.987   -1.32e+05    1.29e+05
area_servico                       1.185e+05   5.68e+04      2.085      0.037    7056.962     2.3e+05
area_util                           423.7759     57.826      7.328      0.000     310.401     537.151
cond_valor                           -0.4639      0.419     -1.107      0.268      -1.286       0.358
cozinha_com_armarios              -8.653e+04   5.92e+04     -1.461      0.144   -2.03e+05    2.96e+04
cozinha_espacosa                   1.484e+05   1.34e+05      1.104      0.269   -1.15e+05    4.12e+05
despensa                           9.393e+04   5.63e+04      1.668      0.095   -1.65e+04    2.04e+05
escritorio                          8.84e+04   4.78e+04      1.850      0.064   -5306.706    1.82e+05
gas_canalizado                    -3.808e+04   6.85e+04     -0.556      0.578   -1.72e+05    9.63e+04
gerador_energia                    3.631e+04   8.59e+04      0.423      0.672   -1.32e+05    2.05e+05
guarita                           -6.112e+04   5.73e+04     -1.067      0.286   -1.73e+05    5.12e+04
home_theater                       2.503e+05   8.01e+04      3.123      0.002    9.32e+04    4.07e+05
interfone                         -1.238e+04   4.95e+04     -0.250      0.803   -1.09e+05    8.47e+04
jardim                            -6.496e+04   5.52e+04     -1.177      0.239   -1.73e+05    4.32e+04
lavabo                             1.182e+05   5.24e+04      2.255      0.024    1.54e+04    2.21e+05
lazer_no_pilotis                  -3.208e+04   8.95e+04     -0.358      0.720   -2.08e+05    1.43e+05
mobiliado                          1.363e+05   7.91e+04      1.724      0.085   -1.87e+04    2.91e+05
pintura_nova                       1.821e+04   6.57e+04      0.277      0.782   -1.11e+05    1.47e+05
piscina                            2.953e+05   5.02e+04      5.885      0.000    1.97e+05    3.94e+05
piso_porcelanato                  -1.706e+05   6.64e+04     -2.569      0.010   -3.01e+05   -4.04e+04
playground                        -3433.3293   5.49e+04     -0.063      0.950   -1.11e+05    1.04e+05
portao_eletronico                 -1.493e+05    5.5e+04     -2.716      0.007   -2.57e+05   -4.15e+04
projeto_iluminacao                 1.113e+05   6.89e+04      1.616      0.106   -2.37e+04    2.46e+05
quadra_poliesportiva               6.405e+04   6.64e+04      0.964      0.335   -6.62e+04    1.94e+05
quartos                            1.072e+05   2.56e+04      4.186      0.000     5.7e+04    1.57e+05
sala_ginastica                     1.954e+05   7.42e+04      2.633      0.009    4.99e+04    3.41e+05
salao_festas                      -1.007e+05   6.42e+04     -1.568      0.117   -2.27e+05    2.52e+04
salao_gourmet                     -1.176e+05   6.35e+04     -1.852      0.064   -2.42e+05    6885.098
salao_jogos                       -1.136e+05    7.3e+04     -1.557      0.119   -2.57e+05    2.94e+04
sauna                              6716.9542    5.9e+04      0.114      0.909   -1.09e+05    1.22e+05
spa                               -1.512e+05   1.32e+05     -1.142      0.254   -4.11e+05    1.08e+05
suites                             4.063e+05   2.16e+04     18.773      0.000    3.64e+05    4.49e+05
vagas                               1.01e+05    1.1e+04      9.210      0.000    7.95e+04    1.23e+05
varanda                            1.924e+05   5.08e+04      3.785      0.000    9.27e+04    2.92e+05
vista_livre                        5198.8011   6.13e+04      0.085      0.932   -1.15e+05    1.25e+05
dist_airport                      -2479.4923    610.693     -4.060      0.000   -3676.835   -1282.150
dist_allotments                    -904.0902    461.820     -1.958      0.050   -1809.546       1.366
dist_apron                        -1794.3500    586.502     -3.059      0.002   -2944.262    -644.438
dist_arts_centre                    366.4701    482.291      0.760      0.447    -579.122    1312.063
dist_artwork                      -1175.7174    481.933     -2.440      0.015   -2120.608    -230.827
dist_atm                            980.7410    398.576      2.461      0.014     199.281    1762.201
dist_attraction                     481.7348    379.714      1.269      0.205    -262.743    1226.213
dist_bakery                        -523.3421    276.325     -1.894      0.058   -1065.112      18.428
dist_bank                          -700.8450    358.568     -1.955      0.051   -1403.862       2.173
dist_bar                           -137.8602    316.502     -0.436      0.663    -758.403     482.683
dist_beach                          -59.5931    622.593     -0.096      0.924   -1280.266    1161.080
dist_beauty_shop                   1394.6752    371.986      3.749      0.000     665.349    2124.001
dist_bench                         -896.6035    368.647     -2.432      0.015   -1619.382    -173.825
dist_beverages                    -1415.5019    441.425     -3.207      0.001   -2280.971    -550.032
dist_bicycle_rental                 917.4171    646.897      1.418      0.156    -350.907    2185.742
dist_bicycle_shop                 -1562.9198    466.966     -3.347      0.001   -2478.466    -647.374
dist_biergarten                   -8820.5534   3897.685     -2.263      0.024   -1.65e+04   -1178.645
dist_bookshop                       230.7547    379.003      0.609      0.543    -512.329     973.838
dist_brt_station                    908.1234    915.226      0.992      0.321    -886.294    2702.541
dist_buddhist                     -3945.1904   1903.767     -2.072      0.038   -7677.767    -212.613
dist_building                      -541.7507    298.940     -1.812      0.070   -1127.860      44.359
dist_bus_station                    797.3665    438.097      1.820      0.069     -61.578    1656.311
dist_bus_stop                       -26.8387    247.272     -0.109      0.914    -511.647     457.970
dist_butcher                        498.3100    366.866      1.358      0.174    -220.977    1217.597
dist_cafe                           126.5792    382.424      0.331      0.741    -623.211     876.370
dist_camera_surveillance            676.8813    470.994      1.437      0.151    -246.562    1600.325
dist_camp_site                     1.109e+05   9.88e+04      1.123      0.262   -8.28e+04    3.05e+05
dist_car_dealership               -1770.6571    470.522     -3.763      0.000   -2693.175    -848.140
dist_car_rental                   -2511.4589    560.630     -4.480      0.000   -3610.645   -1412.272
dist_car_wash                       223.4103    416.663      0.536      0.592    -593.510    1040.331
dist_caravan_site                  1.164e+04   2574.070      4.520      0.000    6588.686    1.67e+04
dist_cave_entrance                -1.009e+04   1.16e+04     -0.872      0.383   -3.28e+04    1.26e+04
dist_cemetery                      1015.7289   1147.390      0.885      0.376   -1233.876    3265.334
dist_chalet                       -1.311e+05   3.56e+04     -3.687      0.000   -2.01e+05   -6.14e+04
dist_chemist                       1647.5411    552.420      2.982      0.003     564.452    2730.630
dist_christian                      245.7942    307.171      0.800      0.424    -356.453     848.042
dist_christian_catholic            -419.8684    304.207     -1.380      0.168   -1016.306     176.569
dist_christian_evangelical          205.9643    435.207      0.473      0.636    -647.315    1059.243
dist_christian_lutheran           -1.868e+05   1.07e+05     -1.747      0.081   -3.97e+05    2.29e+04
dist_christian_methodist          -3066.2288    809.446     -3.788      0.000   -4653.251   -1479.207
dist_christian_protestant           771.3291    978.094      0.789      0.430   -1146.348    2689.006
dist_cinema                         469.7890    472.548      0.994      0.320    -456.702    1396.280
dist_city                           652.3154    486.221      1.342      0.180    -300.984    1605.615
dist_clinic                        -279.4115    368.769     -0.758      0.449   -1002.431     443.608
dist_clothes                        281.3016    406.306      0.692      0.489    -515.312    1077.916
dist_college                        418.9277    521.079      0.804      0.421    -602.714    1440.569
dist_commercial                    -371.9689    263.915     -1.409      0.159    -889.408     145.470
dist_comms_tower                   1274.7946    215.329      5.920      0.000     852.614    1696.975
dist_community_centre               747.5848    404.911      1.846      0.065     -46.296    1541.465
dist_computer_shop                  113.8847    405.533      0.281      0.779    -681.214     908.984
dist_convenience                   1843.6662    351.527      5.245      0.000    1154.453    2532.880
dist_courthouse                   -2494.4787    722.704     -3.452      0.001   -3911.432   -1077.526
dist_dentist                       -406.8511    387.213     -1.051      0.293   -1166.032     352.330
dist_department_store              1672.2401    478.324      3.496      0.000     734.425    2610.055
dist_doctors                        -36.7001    560.904     -0.065      0.948   -1136.423    1063.023
dist_dog_park                      5820.4950   2064.211      2.820      0.005    1773.346    9867.644
dist_doityourself                   262.9325    383.290      0.686      0.493    -488.557    1014.422
dist_drinking_water                 884.4297    460.794      1.919      0.055     -19.015    1787.874
dist_embassy                       4147.4212    605.611      6.848      0.000    2960.043    5334.800
dist_farm                           781.4182    536.724      1.456      0.146    -270.898    1833.734
dist_farmland                      1760.9258    345.794      5.092      0.000    1082.953    2438.898
dist_farmyard                       -37.1512    354.664     -0.105      0.917    -732.516     658.213
dist_fast_food                       44.5626    336.006      0.133      0.894    -614.220     703.345
dist_fire_station                  -544.9673    433.658     -1.257      0.209   -1395.210     305.275
dist_florist                      -1259.3442    392.434     -3.209      0.001   -2028.760    -489.928
dist_food_court                   -1248.4448   1263.481     -0.988      0.323   -3725.661    1228.771
dist_forest                         319.8640    240.951      1.328      0.184    -152.551     792.279
dist_fountain                       434.2646    465.056      0.934      0.350    -477.537    1346.066
dist_furniture_shop                -798.1270    415.431     -1.921      0.055   -1612.632      16.378
dist_garden_centre                 1839.7602    829.375      2.218      0.027     213.665    3465.855
dist_general                      -1089.5092    730.958     -1.491      0.136   -2522.645     343.627
dist_gift_shop                        5.0087    554.128      0.009      0.993   -1081.430    1091.447
dist_grass                          547.5412    271.402      2.017      0.044      15.422    1079.660
dist_greengrocer                   1277.8503    368.282      3.470      0.001     555.786    1999.915
dist_guesthouse                   -2.009e+04   7943.579     -2.529      0.011   -3.57e+04   -4514.736
dist_hairdresser                    468.5076    356.628      1.314      0.189    -230.707    1167.722
dist_hamlet                        -402.8162    457.965     -0.880      0.379   -1300.716     495.083
dist_heath                         1407.3415    456.963      3.080      0.002     511.407    2303.276
dist_helipad                       -384.9807    216.072     -1.782      0.075    -808.618      38.657
dist_hospital                      -376.8313    305.599     -1.233      0.218    -975.997     222.334
dist_hostel                         794.7608    809.182      0.982      0.326    -791.743    2381.265
dist_hotel                          470.8520    358.708      1.313      0.189    -232.440    1174.144
dist_hunting_stand                -3292.6074   1889.817     -1.742      0.082   -6997.834     412.619
dist_industrial                    -855.3523    414.736     -2.062      0.039   -1668.496     -42.209
dist_jeweller                       -43.3685    620.994     -0.070      0.944   -1260.906    1174.169
dist_jewish                        2139.5130    870.160      2.459      0.014     433.453    3845.572
dist_kindergarten                  -282.4326    548.458     -0.515      0.607   -1357.754     792.889
dist_kiosk                        -2092.8382    426.463     -4.907      0.000   -2928.974   -1256.702
dist_laundry                        -37.6634    309.649     -0.122      0.903    -644.770     569.443
dist_library                       1516.7426    587.563      2.581      0.010     364.751    2668.734
dist_locality                      -450.4936    570.928     -0.789      0.430   -1569.870     668.883
dist_mall                          -352.9250    432.993     -0.815      0.415   -1201.863     496.013
dist_market_place                 -2368.9702    437.234     -5.418      0.000   -3226.224   -1511.717
dist_meadow                         270.8912    419.005      0.647      0.518    -550.622    1092.404
dist_memorial                      1700.4005   1016.217      1.673      0.094    -292.023    3692.823
dist_military                      1706.3360    437.896      3.897      0.000     847.786    2564.886
dist_mobile_phone_shop             -965.6847    536.761     -1.799      0.072   -2018.074      86.705
dist_monument                      1317.5046    504.796      2.610      0.009     327.787    2307.222
dist_motel                         1.693e+05   3.06e+05      0.553      0.581   -4.31e+05     7.7e+05
dist_museum                       -2763.0694    683.959     -4.040      0.000   -4104.058   -1422.081
dist_nature_reserve                 -39.5455    361.879     -0.109      0.913    -749.055     669.964
dist_newsagent                     -865.5905    378.162     -2.289      0.022   -1607.026    -124.155
dist_nightclub                     2205.7695    505.951      4.360      0.000    1213.789    3197.750
dist_nursing_home                  3.139e+04   3.02e+04      1.040      0.299   -2.78e+04    9.06e+04
dist_observation_tower            -4733.2720   4694.957     -1.008      0.313   -1.39e+04    4471.789
dist_optician                       -18.8552    567.676     -0.033      0.974   -1131.856    1094.145
dist_orchard                       -678.0764    854.527     -0.794      0.428   -2353.486     997.333
dist_outdoor_shop                  -218.1334    586.736     -0.372      0.710   -1368.505     932.238
dist_park                          -125.9521    258.647     -0.487      0.626    -633.062     381.158
dist_peak                         -5438.8855    929.944     -5.849      0.000   -7262.160   -3615.611
dist_pharmacy                     -1648.7127    367.104     -4.491      0.000   -2368.466    -928.959
dist_picnic_site                  -2285.6062    673.953     -3.391      0.001   -3606.976    -964.236
dist_pitch                         -848.3189    417.055     -2.034      0.042   -1666.009     -30.629
dist_playground                    -663.3207    291.350     -2.277      0.023   -1234.550     -92.092
dist_police                        1764.9426    342.831      5.148      0.000    1092.778    2437.107
dist_post_box                      -610.0114   1188.027     -0.513      0.608   -2939.290    1719.268
dist_post_office                    515.4697    385.760      1.336      0.182    -240.863    1271.802
dist_prison                        -667.8904   1252.305     -0.533      0.594   -3123.194    1787.413
dist_pub                          -1011.6135    393.398     -2.571      0.010   -1782.921    -240.306
dist_public_building              -1469.6321    637.863     -2.304      0.021   -2720.243    -219.021
dist_quarry                        2175.7837   1110.091      1.960      0.050      -0.691    4352.258
dist_railway_station               -166.9982    613.482     -0.272      0.785   -1369.808    1035.812
dist_recreation_ground             1395.0883    311.986      4.472      0.000     783.400    2006.776
dist_recycling                    -2008.7220    902.629     -2.225      0.026   -3778.440    -239.004
dist_recycling_glass               2153.3071    822.142      2.619      0.009     541.393    3765.221
dist_recycling_metal              -3.079e+04   3.36e+04     -0.916      0.360   -9.67e+04    3.51e+04
dist_recycling_paper               4403.7620   1708.191      2.578      0.010    1054.637    7752.887
dist_residential                     88.2665    337.856      0.261      0.794    -574.144     750.677
dist_restaurant                    1012.4204    277.599      3.647      0.000     468.153    1556.688
dist_retail                         222.2576    294.246      0.755      0.450    -354.649     799.164
dist_ruins                        -1239.2287   1207.730     -1.026      0.305   -3607.137    1128.680
dist_school                        -590.1795    296.972     -1.987      0.047   -1172.431      -7.928
dist_scrub                        -1330.0742    368.261     -3.612      0.000   -2052.097    -608.052
dist_shelter                       1033.9661    461.064      2.243      0.025     129.992    1937.940
dist_shoe_shop                    -1275.2329    478.189     -2.667      0.008   -2212.783    -337.683
dist_sports_centre                 -337.5155    308.654     -1.094      0.274    -942.671     267.640
dist_sports_shop                     45.6852    604.203      0.076      0.940   -1138.931    1230.301
dist_spring                       -1176.2007    607.146     -1.937      0.053   -2366.588      14.187
dist_stadium                      -1389.0030    767.699     -1.809      0.070   -2894.174     116.168
dist_stationery                    -734.3491    427.722     -1.717      0.086   -1572.952     104.254
dist_suburb                           7.3814    289.585      0.025      0.980    -560.388     575.151
dist_subway_station               -2576.0393   1013.274     -2.542      0.011   -4562.691    -589.387
dist_supermarket                    792.2562    277.824      2.852      0.004     247.547    1336.966
dist_swimming_pool                -3625.5848   1005.238     -3.607      0.000   -5596.481   -1654.688
dist_taxi                          -948.1202    338.423     -2.802      0.005   -1611.641    -284.600
dist_telephone                       64.4677    422.436      0.153      0.879    -763.771     892.707
dist_theatre                        392.6242    350.417      1.120      0.263    -294.412    1079.661
dist_toilet                        -884.0647    297.800     -2.969      0.003   -1467.940    -300.189
dist_tourist_info                  1070.6057    526.451      2.034      0.042      38.432    2102.780
dist_tower                          245.8609    477.427      0.515      0.607    -690.195    1181.917
dist_town                          -506.3038    366.763     -1.380      0.168   -1225.390     212.783
dist_town_hall                      249.0940   1122.357      0.222      0.824   -1951.430    2449.618
dist_toy_shop                      -204.5604    597.682     -0.342      0.732   -1376.392     967.271
dist_track                         -539.8541   2882.921     -0.187      0.851   -6192.189    5112.481
dist_travel_agent                   908.5837    482.501      1.883      0.060     -37.422    1854.589
dist_tree                          -336.8492    272.780     -1.235      0.217    -871.669     197.971
dist_university                    1520.3434    667.198      2.279      0.023     212.217    2828.470
dist_vending_any                  -3007.9052   4779.888     -0.629      0.529   -1.24e+04    6363.674
dist_veterinary                     682.1954    332.828      2.050      0.040      29.643    1334.747
dist_video_shop                   -1812.3728    669.434     -2.707      0.007   -3124.883    -499.862
dist_viewpoint                      232.8507    336.838      0.691      0.489    -427.564     893.265
dist_village                      -1131.9380    489.080     -2.314      0.021   -2090.842    -173.034
dist_waste_basket                   157.9582    425.256      0.371      0.710    -675.810     991.727
dist_wastewater_plant              1859.8389   1790.702      1.039      0.299   -1651.060    5370.738
dist_water_tower                   -254.3076    433.497     -0.587      0.557   -1104.233     595.618
dist_water_well                    -718.8114    670.503     -1.072      0.284   -2033.417     595.794
dist_water_works                   7.286e+04   1.87e+05      0.390      0.697   -2.93e+05    4.39e+05
bairro_ASA_NORTE                   4.574e+06   4.88e+06      0.937      0.349      -5e+06    1.41e+07
bairro_ASA_SUL                     9.921e+06   5.34e+06      1.859      0.063   -5.44e+05    2.04e+07
bairro_GRANJA_DO_TORTO            -3.143e+08   1.24e+08     -2.543      0.011   -5.57e+08    -7.2e+07
bairro_JARDIM_BOTANICO             6.751e+06   5.13e+06      1.315      0.189   -3.32e+06    1.68e+07
bairro_JARDINS_MANGUEIRAL          5.901e+06   5.26e+06      1.122      0.262   -4.41e+06    1.62e+07
bairro_LAGO_NORTE                   7.18e+06   4.95e+06      1.450      0.147   -2.53e+06    1.69e+07
bairro_LAGO_SUL                    1.131e+07   5.13e+06      2.203      0.028    1.25e+06    2.14e+07
bairro_NOROESTE                    3.173e+06   4.87e+06      0.651      0.515   -6.38e+06    1.27e+07
bairro_OCTOGONAL                   9.825e+06   5.09e+06      1.931      0.054    -1.5e+05    1.98e+07
bairro_PARK_SUL                   -1.268e+05   4.74e+06     -0.027      0.979   -9.42e+06    9.16e+06
bairro_PARK_WAY                   -3.186e+07   8.38e+06     -3.801      0.000   -4.83e+07   -1.54e+07
bairro_SETOR_INDUSTRIAL            3.157e-06   1.24e-06      2.546      0.011    7.26e-07    5.59e-06
bairro_SETOR_TORORO                2.959e-06   1.16e-06      2.558      0.011     6.9e-07    5.23e-06
bairro_SIG                         8.705e+06   5.17e+06      1.684      0.092   -1.43e+06    1.88e+07
bairro_SUDOESTE                    1.036e+07   5.03e+06      2.059      0.040    4.95e+05    2.02e+07
bairro_TAQUARI                             0          0        nan        nan           0           0
bairro_VILA_DA_TELEBRASILIA                0          0        nan        nan           0           0
bairro_VILA_PLANALTO               3.909e+06   5.42e+06      0.722      0.471   -6.71e+06    1.45e+07
bairro_ZONA_CIVICO_ADMINISTRATIVA          0          0        nan        nan           0           0
==============================================================================
Omnibus:                     2037.154   Durbin-Watson:                   1.984
Prob(Omnibus):                  0.000   Jarque-Bera (JB):            44975.004
Skew:                           2.079   Prob(JB):                         0.00
Kurtosis:                      19.340   Cond. No.                     1.03e+16
==============================================================================

Notes:
[1] Standard Errors assume that the covariance matrix of the errors is correctly specified.
[2] The smallest eigenvalue is 5.67e-19. This might indicate that there are
strong multicollinearity problems or that the design matrix is singular.